[header]
width=16
height=10
tilewidth=21
tileheight=21
orientation=orthogonal
background_color=0,0,0,255

[tilesets]
tileset=../../GameEngHw/Assignment4/NYUCodebase/spritesheet_rgba.png,21,21,0,0

[layer]
type=Tile Layer 1
data=
153,153,153,153,153,153,153,153,153,153,153,153,153,153,153,153,
153,153,153,153,153,153,153,153,153,153,153,153,153,153,153,153,
153,153,153,153,153,153,153,153,153,153,153,153,153,153,153,153,
153,153,153,0,0,0,0,0,0,0,0,0,437,153,153,153,
153,153,153,0,0,0,0,0,0,0,0,0,0,153,153,153,
153,153,153,0,0,0,0,0,0,0,0,167,0,153,153,153,
153,153,153,0,0,0,0,0,0,0,0,168,0,153,153,153,
153,153,153,153,153,153,153,153,153,153,153,153,153,153,153,153,
153,153,153,153,153,153,153,153,153,153,153,153,153,153,153,153,
153,153,153,153,153,153,153,153,153,153,153,153,153,153,153,153

[ObjectsLayer]
# Player
type=Player
location=5,6,0,0

