[header]
width=105
height=36
tilewidth=21
tileheight=21
orientation=orthogonal
background_color=0,0,0,255

[tilesets]
tileset=spritesheet_rgba.png,21,21,0,0
tileset=spritesheet_rgba.png,21,21,0,0

[layer]
type=Tile Layer 1
data=
123,124,124,124,124,124,124,12,12,12,12,12,12,124,12,124,124,124,124,125,124,124,124,124,124,156,0,0,0,0,0,0,0,0,0,0,0,0,0,0,0,0,0,0,0,0,0,0,0,0,0,0,0,0,0,0,0,0,0,0,0,0,0,0,0,0,0,0,0,0,0,0,0,0,0,0,0,0,0,0,126,124,124,124,124,123,124,124,124,12,124,124,12,12,12,12,12,12,124,124,124,124,124,124,125,
153,153,153,153,153,153,153,41,41,41,41,41,41,153,41,153,153,153,153,153,0,0,0,0,0,0,0,0,0,0,0,0,0,0,0,0,0,0,0,0,0,0,0,0,0,0,0,0,0,0,0,0,0,0,0,0,0,0,0,0,0,0,0,0,0,0,0,0,0,0,0,0,0,0,0,0,0,0,0,0,0,0,0,0,0,153,153,153,153,41,153,153,41,41,41,41,41,41,153,153,153,153,153,153,153,
153,153,153,153,153,153,153,41,41,41,41,41,41,153,41,153,153,153,153,153,0,0,0,0,0,0,0,0,0,0,0,0,0,0,0,0,0,0,0,0,0,0,0,0,0,0,0,0,0,0,0,0,0,0,0,0,0,0,0,0,0,0,0,0,0,0,0,0,0,0,0,0,0,0,0,0,0,0,0,0,0,0,0,0,0,153,153,153,153,41,153,153,41,41,41,41,41,41,153,153,153,153,153,153,153,
153,153,153,153,153,153,153,41,41,41,41,41,41,153,41,153,153,153,153,153,0,0,0,0,0,0,0,0,0,0,0,0,0,0,0,0,0,0,0,0,0,0,0,0,0,0,0,0,0,0,0,0,0,0,0,48,0,0,0,0,0,0,0,0,0,0,0,0,0,0,0,0,48,0,0,0,0,0,0,0,48,0,0,0,0,153,153,153,153,41,153,153,41,41,41,41,41,41,153,153,153,153,153,153,153,
153,153,153,153,153,153,153,41,41,41,41,41,41,153,41,153,153,153,153,153,0,0,0,0,0,48,0,0,0,0,0,0,0,0,0,0,0,0,0,0,0,0,0,0,0,0,15,0,0,0,0,0,0,0,0,0,0,0,0,0,0,0,0,0,0,0,0,0,0,0,0,0,0,0,0,0,0,0,0,0,0,0,0,0,0,153,153,153,153,41,153,153,41,41,41,41,41,41,153,153,153,153,153,153,153,
153,153,153,153,153,153,153,41,41,41,41,41,41,153,41,153,153,153,153,153,0,0,0,0,0,0,0,0,0,0,0,0,0,0,0,0,0,0,0,0,0,0,0,0,0,0,0,0,0,0,0,0,0,0,0,0,0,0,0,0,48,0,0,0,0,0,0,0,0,0,0,0,0,0,0,0,48,0,0,0,0,0,0,0,0,153,153,153,153,153,41,153,41,41,41,41,41,41,124,124,41,124,124,153,153,
153,153,153,153,153,153,153,41,41,41,41,41,41,153,41,153,153,153,153,153,0,0,0,0,0,0,0,0,0,0,0,0,0,0,0,0,0,0,0,0,0,0,0,0,0,0,0,0,0,0,0,18,0,0,0,0,0,0,0,0,0,0,1063,1063,0,0,0,0,0,0,0,0,0,0,0,0,0,0,0,0,0,0,0,167,0,153,153,153,153,153,41,153,41,41,41,41,41,41,153,153,41,153,153,153,153,
153,153,153,153,153,153,153,41,41,41,41,41,41,153,41,153,153,153,153,153,0,0,0,123,124,125,0,0,0,0,0,0,48,0,0,0,0,0,0,0,0,124,124,124,124,12,12,12,12,124,124,124,125,0,0,0,0,0,0,0,0,0,0,0,18,0,0,0,0,0,0,0,0,0,0,0,0,0,0,0,0,0,0,168,18,153,153,153,153,153,41,153,41,41,41,41,41,41,153,153,41,153,153,153,153,
153,153,153,153,153,153,153,41,41,41,41,41,41,153,41,153,153,153,153,153,0,0,0,153,153,153,0,18,0,0,0,0,0,0,0,0,0,0,0,0,0,153,153,153,153,41,41,41,41,153,153,153,153,0,0,0,0,0,0,123,123,123,124,124,124,124,124,124,124,124,0,0,0,0,0,0,0,0,0,0,0,0,124,124,124,153,153,153,153,153,41,153,41,41,41,41,41,41,153,153,41,153,153,153,153,
153,153,153,153,153,153,153,41,41,41,41,41,41,153,41,153,153,153,153,153,0,0,0,153,153,153,124,124,125,0,0,0,0,0,0,0,0,123,124,124,125,153,153,153,153,41,41,41,41,153,153,153,153,0,0,0,0,0,0,153,153,153,153,153,153,153,153,153,153,153,0,0,0,0,0,0,0,0,0,0,0,0,153,153,153,153,153,153,153,153,41,153,41,41,41,41,41,41,153,153,41,153,153,153,153,
153,153,153,153,153,153,153,41,41,41,41,41,41,153,41,124,124,124,124,153,0,0,0,153,153,153,153,153,153,0,0,0,123,125,0,0,0,153,153,153,153,153,153,153,153,41,41,41,41,153,153,153,153,0,0,0,48,0,0,153,153,153,153,153,153,153,153,153,153,153,124,124,124,124,123,123,124,125,124,0,0,0,153,153,153,153,153,153,153,153,41,153,41,41,41,41,41,41,153,153,41,153,153,153,153,
153,153,153,153,153,153,153,41,41,41,41,41,41,153,41,153,153,153,153,153,0,0,0,153,153,153,153,153,153,0,0,0,153,153,0,0,0,153,153,153,153,153,124,41,124,41,41,41,41,153,153,153,153,0,0,0,0,0,0,153,153,153,153,153,153,153,153,153,153,153,153,153,153,153,153,153,153,153,153,0,0,0,153,153,153,153,124,124,124,124,41,124,41,41,41,41,41,41,153,153,41,153,153,153,153,
153,153,153,153,153,153,153,41,41,41,41,41,41,153,41,153,153,153,153,153,0,0,0,153,153,153,153,153,153,0,0,0,153,153,0,0,0,153,153,153,153,153,153,41,153,41,41,41,41,153,153,153,153,0,0,0,0,0,0,153,153,153,153,153,153,153,153,153,153,153,153,153,153,153,153,153,153,153,153,0,0,0,153,153,153,153,153,153,153,153,41,153,41,41,41,41,41,41,153,153,41,153,153,153,153,
153,153,124,124,124,41,124,41,41,41,41,41,41,153,41,153,153,153,153,153,0,0,0,153,153,153,153,153,153,0,0,0,153,153,0,0,0,153,153,153,153,153,153,41,153,41,41,41,41,153,153,153,153,0,0,0,0,0,0,0,0,0,0,0,0,0,0,0,0,0,0,0,0,0,0,0,0,1053,1053,0,0,0,153,153,153,153,153,153,153,153,41,153,41,41,41,41,41,41,153,153,41,153,153,153,153,
153,153,153,153,153,41,153,41,41,41,41,41,41,153,41,153,153,153,153,153,0,0,0,153,153,153,153,153,153,0,0,0,153,153,0,0,0,153,153,153,153,153,153,41,153,41,41,41,41,153,153,153,153,0,0,0,0,0,0,0,0,0,0,0,0,0,0,0,0,0,0,0,0,0,0,0,0,1053,1053,0,0,0,153,153,153,153,153,153,153,153,41,153,41,41,41,41,41,41,153,153,41,153,153,153,153,
124,124,124,124,153,41,153,41,41,41,41,41,41,153,41,153,153,153,153,153,0,0,0,153,153,153,0,0,0,0,0,0,153,153,0,0,0,153,153,153,153,153,153,41,153,41,41,41,41,153,153,153,153,0,0,0,0,0,0,0,0,0,0,0,0,0,0,0,0,0,0,0,0,0,0,0,0,1053,1053,0,0,0,153,153,153,153,153,153,153,153,41,153,41,41,41,41,41,41,153,153,41,153,153,153,153,
153,153,153,153,153,41,153,41,41,41,41,41,41,153,41,153,153,153,153,153,0,0,0,153,153,153,0,0,0,0,0,0,153,153,0,0,0,153,153,153,153,153,153,41,153,41,41,41,41,153,153,153,153,0,0,0,0,0,0,0,0,0,0,0,0,0,0,0,0,0,0,0,0,0,0,0,0,1053,1053,0,0,0,153,153,153,153,153,153,153,153,41,153,41,41,41,41,41,41,153,153,41,153,153,153,153,
153,153,153,153,153,41,153,41,41,41,41,41,41,153,41,153,153,153,153,153,0,0,0,153,153,153,0,0,0,0,0,0,153,153,0,0,0,153,153,153,153,153,153,41,153,41,41,41,41,153,153,153,153,0,0,0,0,0,0,0,0,0,0,0,0,0,0,0,0,0,0,0,0,0,0,0,0,1053,1053,0,0,0,153,153,153,153,153,153,153,153,41,153,41,41,41,41,41,41,153,41,124,124,124,124,124,
153,153,153,153,153,41,153,41,41,41,41,41,41,153,41,153,153,153,153,153,0,0,0,153,153,153,0,0,0,0,0,0,0,0,0,0,0,153,153,153,153,153,153,41,153,41,41,41,41,153,153,153,153,0,0,0,0,0,0,0,0,0,0,0,0,0,0,0,0,0,0,0,0,0,0,0,0,1053,1053,0,0,0,153,153,153,153,153,153,153,153,41,153,41,41,41,41,41,41,153,41,153,153,153,153,153,
153,153,153,153,153,41,153,41,41,41,41,41,41,153,153,41,153,153,153,153,0,0,0,0,0,0,0,0,0,0,0,0,0,0,0,0,18,153,153,153,153,153,153,41,153,41,41,41,41,153,153,153,153,0,0,0,0,0,0,0,0,0,0,0,0,0,0,0,0,0,0,0,0,0,0,0,0,1053,1053,0,0,0,153,153,153,153,153,153,153,153,41,153,41,41,41,41,41,41,153,41,153,153,153,153,153,
153,153,153,153,153,41,153,41,41,41,41,41,41,153,153,41,153,153,153,153,0,0,0,0,0,0,0,0,0,0,0,0,0,0,123,124,124,153,153,153,153,153,153,41,153,41,41,41,41,153,153,153,153,0,0,0,0,0,0,0,0,0,0,0,0,0,0,0,0,0,0,0,0,0,0,0,0,1053,1053,0,0,0,153,153,153,153,153,153,153,153,41,153,41,41,41,41,41,41,153,41,153,153,153,153,153,
153,153,153,153,153,41,153,41,41,41,41,41,41,153,153,41,153,153,153,153,124,124,124,124,0,0,0,0,0,0,0,0,0,0,153,153,153,153,153,153,153,153,153,41,153,41,41,41,41,153,153,153,153,0,47,0,0,0,0,0,0,0,0,0,0,0,0,0,0,0,0,0,0,0,0,0,0,1053,1053,0,0,0,153,153,153,153,153,153,153,153,41,153,41,41,41,41,41,41,153,41,153,153,153,153,153,
153,153,153,153,153,41,153,41,41,41,41,41,41,153,153,41,153,153,153,153,153,153,153,153,0,0,0,0,0,0,0,123,124,125,153,153,153,153,153,153,153,153,153,41,153,41,41,41,41,153,153,153,153,124,124,1025,0,0,0,0,0,0,0,0,0,0,0,0,0,0,0,0,0,0,0,0,0,0,0,0,0,0,153,153,153,153,153,153,153,153,41,153,41,41,41,41,41,41,153,41,153,153,153,153,153,
153,153,153,124,124,41,124,41,41,41,41,41,41,153,153,153,41,153,153,153,153,153,153,153,124,124,125,0,0,0,0,153,153,153,153,153,153,153,153,153,153,153,153,41,153,41,41,41,41,153,153,153,153,153,153,153,1024,124,124,124,125,0,0,0,0,0,0,0,0,0,0,0,0,0,0,0,0,0,0,0,0,0,153,153,153,153,153,124,124,124,41,124,41,41,41,41,41,41,153,41,153,153,153,153,153,
153,153,153,153,153,41,153,41,41,41,41,41,41,153,153,153,41,153,153,153,153,153,153,153,153,153,153,12,12,12,12,153,153,153,153,153,153,153,153,153,153,153,153,41,153,41,41,41,41,153,153,153,153,153,153,153,153,153,153,153,153,12,12,12,12,123,124,124,124,124,124,125,12,12,12,1023,1024,1024,1024,1024,1025,912,153,153,153,153,153,153,153,153,41,153,41,41,41,41,41,41,153,41,153,153,153,153,153,
153,153,153,153,153,41,153,41,41,41,41,41,41,153,153,153,41,153,153,153,153,153,153,153,153,153,153,41,41,41,41,153,153,153,153,153,153,153,153,153,153,153,153,41,153,41,41,41,41,153,153,153,153,153,153,153,153,153,153,153,153,41,41,41,41,153,153,153,153,153,153,153,41,41,41,1053,1053,1053,1053,1053,1053,941,153,153,153,153,153,153,153,153,41,153,41,41,41,41,41,41,153,41,153,153,153,153,153,
153,153,153,153,153,41,153,41,41,41,41,41,41,153,153,153,41,153,153,153,153,153,153,153,153,153,153,41,41,41,41,153,153,153,153,153,153,153,153,153,153,153,153,41,153,41,41,41,41,124,124,124,124,125,153,153,153,153,153,153,153,41,41,41,41,153,153,153,153,153,153,153,41,41,41,1053,1053,1053,1053,1053,1053,941,153,153,153,153,153,153,153,153,41,153,41,41,41,41,41,41,153,41,153,153,153,153,153,
153,153,153,153,153,41,153,41,41,41,41,41,41,153,153,153,41,153,153,153,153,153,153,153,153,153,153,41,41,41,41,153,153,153,153,153,153,153,153,153,153,153,153,41,153,41,41,41,41,153,153,153,153,153,153,153,153,153,153,153,153,41,41,41,41,153,153,153,153,153,153,153,41,41,41,1053,1053,1053,1053,1053,1053,941,153,153,153,153,153,153,153,153,41,153,41,41,41,41,41,41,153,41,153,153,153,153,153,
153,153,153,153,153,41,153,41,41,41,41,41,41,153,153,153,41,153,153,153,153,153,153,153,153,153,153,41,41,41,41,153,153,153,153,153,153,153,153,153,153,153,153,41,153,41,41,41,41,153,153,153,153,153,153,153,153,153,153,153,153,41,41,41,41,153,153,153,153,153,153,153,41,41,41,1053,1053,1053,1053,1053,1053,941,153,153,153,153,153,153,153,153,41,153,41,41,41,41,41,41,153,41,153,153,153,153,153,
153,153,153,153,153,41,153,41,41,41,41,41,41,153,153,153,41,153,153,153,153,153,153,153,153,153,153,41,41,41,41,153,153,153,153,153,153,153,153,153,153,153,153,41,153,41,41,41,41,153,153,153,153,153,153,153,153,153,153,153,153,41,41,41,41,153,153,153,153,153,153,153,41,41,41,1053,1053,1053,1053,1053,1053,941,153,153,153,153,153,153,153,153,41,153,41,41,41,41,41,41,153,41,153,153,153,153,153,
153,153,153,153,153,41,153,41,41,41,41,41,41,153,153,153,41,153,153,153,153,153,153,153,153,153,153,41,41,41,41,153,153,153,153,153,153,153,153,153,153,153,153,41,153,41,41,41,41,153,153,153,153,153,153,153,153,153,153,153,153,41,41,41,41,153,153,153,153,153,153,153,41,41,41,1053,1053,1053,1053,1053,1053,941,153,153,153,153,153,153,153,153,41,153,41,41,41,41,41,41,153,41,153,153,153,153,153,
153,153,153,153,153,41,153,41,41,41,41,41,41,153,153,153,41,153,153,153,153,153,153,153,153,153,153,41,41,41,41,153,153,153,153,153,153,153,153,153,153,153,153,41,153,41,41,41,41,153,153,153,153,153,153,153,153,153,153,153,153,41,41,41,41,153,153,153,153,153,153,153,41,41,41,1053,1053,1053,1053,1053,1053,941,153,153,153,153,153,153,153,153,41,153,41,41,41,41,41,41,153,41,153,153,153,153,153,
153,153,153,153,153,41,153,41,41,41,41,41,41,153,153,153,41,153,153,153,153,153,153,153,153,153,153,41,41,41,41,153,153,153,153,153,153,153,153,153,153,153,153,41,153,41,41,41,41,153,153,153,153,153,153,153,153,153,153,153,153,41,41,41,41,153,153,153,153,153,153,153,41,41,41,1053,1053,1053,1053,1053,1053,941,153,153,153,153,153,153,153,153,41,153,41,41,41,41,41,41,153,41,153,153,153,153,153,
153,153,153,153,153,41,153,41,41,41,41,41,41,153,153,153,41,153,153,153,153,153,153,153,153,153,153,41,41,41,41,153,153,153,153,153,153,153,153,153,153,153,153,41,153,41,41,41,41,153,153,153,153,153,153,153,153,153,153,153,153,41,41,41,41,153,153,153,153,153,153,153,41,41,41,1053,1053,1053,1053,1053,1053,941,153,153,153,153,153,153,153,153,41,153,41,41,41,41,41,41,153,41,153,153,153,153,153,
153,153,153,153,153,41,153,41,41,41,41,41,41,153,153,153,41,153,153,153,153,153,153,153,153,153,153,41,41,41,41,153,153,153,153,153,153,153,153,153,153,153,153,41,153,41,41,41,41,153,153,153,153,153,153,153,153,153,153,153,153,41,41,41,41,153,153,153,153,153,153,153,41,41,41,1053,1053,1053,1053,1053,1053,941,153,153,153,153,153,153,153,153,41,153,41,41,41,41,41,41,153,41,153,153,153,153,153,
153,153,153,153,153,41,153,41,41,41,41,41,41,153,153,153,41,153,153,153,153,153,153,153,153,153,153,41,41,41,41,153,153,153,153,153,153,153,153,153,153,153,153,41,153,41,41,41,41,153,153,153,153,153,153,153,153,153,153,153,153,41,41,41,41,153,153,153,153,153,153,153,41,41,41,1053,1053,1053,1053,1053,1053,941,153,153,153,153,153,153,153,153,41,153,41,41,41,41,41,41,153,41,153,153,153,153,153

[ObjectsLayer]
# player
type=Player
location=21,21,1,1

[ObjectsLayer]
# shroom1
type=Block
location=38,7,1,1

[ObjectsLayer]
# enemy2
type=Enemy
location=75,10,1,1

[ObjectsLayer]
# enemy1
type=Enemy
location=66,8,1,1

[ObjectsLayer]
# enemy3
type=Enemy
location=68,24,1,1

