[header]
width=80
height=28
tilewidth=21
tileheight=21
orientation=orthogonal
background_color=0,0,0,255

[tilesets]
tileset=spritesheet_rgba.png,21,21,0,0

[layer]
type=Tile Layer 2
data=
183,184,184,184,184,184,184,184,184,184,184,184,184,184,184,184,184,184,184,216,0,0,0,0,0,0,0,0,0,0,0,0,0,0,0,0,0,0,0,0,0,0,0,0,0,0,0,0,0,0,0,0,0,0,0,0,0,0,0,0,0,0,0,0,0,0,0,0,0,0,0,0,186,184,184,184,184,184,184,185,
213,213,0,0,74,0,74,0,213,0,74,0,0,0,0,74,0,0,0,0,0,0,0,0,0,0,0,0,0,0,0,0,0,0,0,0,0,0,0,0,0,0,0,0,0,0,0,0,0,0,0,0,0,0,0,0,0,0,0,0,0,0,0,0,0,0,0,0,0,0,0,0,0,0,0,0,74,0,213,213,
213,213,0,0,0,0,74,0,213,0,74,0,0,0,0,72,0,0,0,0,0,0,0,0,0,0,0,0,0,0,0,0,0,0,0,0,0,0,0,0,0,0,0,0,0,0,0,0,0,0,0,0,0,0,0,0,0,0,0,0,0,0,0,0,0,0,0,0,0,0,0,0,0,0,0,0,74,0,213,213,
213,213,0,0,0,0,0,0,213,0,74,0,0,0,0,0,0,0,0,0,0,0,0,0,0,0,0,0,0,0,0,0,0,0,0,0,0,0,0,0,0,0,0,0,0,0,0,0,0,0,0,0,0,0,0,0,0,0,0,0,0,0,0,0,0,0,0,0,0,0,0,0,0,0,0,0,74,0,213,213,
213,213,0,0,318,0,0,0,213,0,74,0,0,0,0,0,0,0,0,0,0,0,0,0,0,0,0,0,0,0,0,0,0,0,0,0,0,0,0,0,0,0,0,0,0,0,0,0,0,0,0,0,0,0,0,0,0,0,0,0,0,0,0,0,0,0,0,0,0,0,0,0,0,0,0,0,73,0,213,213,
213,213,0,0,0,0,0,0,213,0,74,0,0,0,0,0,0,0,0,0,0,0,0,0,0,0,0,0,0,0,0,0,0,0,0,0,0,0,0,0,0,15,0,0,0,0,0,0,0,0,0,0,0,0,0,0,0,0,0,0,0,0,0,0,0,0,0,0,0,0,0,0,0,0,0,0,0,0,213,213,
213,213,0,0,0,0,0,0,213,0,0,0,0,0,318,0,0,0,0,0,0,0,0,0,0,0,0,317,0,0,0,0,0,0,0,0,0,183,184,185,0,0,0,183,184,185,0,318,0,0,0,0,0,0,0,0,0,317,0,0,0,0,0,0,0,0,0,0,0,0,0,317,0,0,0,0,0,0,213,213,
213,213,0,313,0,0,0,0,213,0,0,0,0,0,0,0,0,0,0,186,184,184,216,0,0,0,0,0,0,0,0,0,0,0,0,0,0,213,213,213,0,0,0,213,213,213,0,0,0,0,0,0,0,0,0,0,0,0,0,0,0,0,0,0,0,0,0,0,17,0,0,0,0,0,0,183,183,184,213,213,
213,213,184,184,184,185,0,0,213,0,0,0,0,0,0,0,0,0,0,0,0,0,0,0,0,0,0,0,0,0,0,0,0,0,0,0,0,213,213,213,0,0,0,213,213,213,0,0,0,0,0,0,0,0,0,0,0,0,0,0,0,183,184,185,0,0,0,183,184,184,184,184,185,0,0,213,213,213,213,213,
213,213,213,213,213,213,0,0,213,0,0,0,183,184,184,185,0,0,0,0,0,0,0,0,0,0,0,0,0,0,0,0,0,0,0,0,0,213,213,213,0,0,0,213,213,213,0,0,0,0,0,0,0,0,0,0,0,0,0,0,0,213,213,213,0,0,0,213,213,213,213,213,213,0,0,213,213,213,213,213,
213,213,213,213,213,213,0,0,213,0,0,0,213,213,213,213,0,0,17,0,0,0,0,0,0,0,0,0,0,0,0,0,0,0,0,0,0,213,213,213,0,0,0,213,213,213,0,0,0,0,0,0,0,0,0,0,0,0,0,0,0,213,213,213,0,0,0,213,14,14,14,14,213,0,0,0,0,74,213,213,
213,213,213,213,213,213,0,0,213,0,0,0,213,213,213,213,184,184,184,184,185,0,0,0,0,0,0,0,0,0,0,0,0,0,0,0,0,213,213,213,0,0,0,213,213,213,0,0,0,0,0,0,0,0,0,0,0,0,0,0,0,213,213,213,0,0,0,213,43,43,43,43,213,0,0,0,0,74,213,213,
213,213,213,213,213,213,0,0,213,0,0,0,213,213,213,213,213,213,213,213,213,49,0,0,0,0,0,0,0,0,0,0,0,0,0,0,0,213,213,213,0,0,0,213,213,213,0,0,0,0,0,0,0,0,0,0,0,0,0,0,0,213,213,213,0,0,0,213,43,43,43,43,213,0,0,0,0,74,213,213,
213,213,213,213,213,213,0,0,213,0,0,0,213,213,213,213,213,213,213,213,213,184,184,184,184,184,185,0,0,0,0,0,0,0,0,0,0,213,213,213,0,0,0,213,213,213,0,0,0,0,0,0,0,0,0,0,0,0,0,0,0,213,213,213,0,0,0,213,43,43,43,43,213,0,0,0,0,0,213,213,
213,213,213,213,213,213,0,0,213,0,0,0,213,213,213,213,213,213,213,213,213,213,213,213,213,213,213,0,0,0,0,0,0,0,0,0,0,213,213,213,0,0,0,213,213,213,0,0,0,0,0,0,0,0,0,0,0,0,0,0,0,213,213,213,0,0,0,213,43,43,43,43,213,0,0,0,0,0,213,213,
213,213,213,213,213,213,0,0,213,0,0,0,213,213,213,213,213,14,14,14,213,14,213,213,213,213,213,0,0,0,0,0,0,0,0,0,0,213,213,213,0,0,0,213,213,213,0,0,0,0,0,0,0,0,0,0,0,0,0,0,0,213,213,213,0,0,0,213,43,43,43,43,213,0,0,0,0,0,213,213,
213,213,213,213,213,213,0,0,213,0,0,0,213,213,213,213,213,43,43,43,213,43,213,213,213,213,213,0,0,0,0,0,0,0,0,0,0,213,213,213,0,0,0,213,213,213,0,0,0,0,0,0,0,0,0,0,0,0,0,0,0,213,213,213,0,0,0,213,43,43,43,43,213,0,0,0,0,0,213,213,
213,213,213,213,213,213,0,0,213,0,0,0,213,213,213,213,213,43,43,43,213,43,213,213,213,213,213,0,0,0,0,0,0,0,0,0,0,213,213,213,0,0,0,213,213,213,0,0,0,0,0,0,0,0,0,0,0,0,0,0,0,213,213,213,0,0,0,213,43,43,43,43,213,0,0,0,0,0,213,213,
213,213,213,213,213,213,0,0,213,0,0,0,213,213,213,213,213,43,43,43,0,43,0,0,0,0,0,0,0,0,0,0,0,0,0,0,0,213,213,213,0,0,0,213,213,213,0,0,0,0,0,0,0,0,0,0,0,0,0,0,0,213,213,213,0,0,0,213,43,43,43,43,213,0,0,0,0,0,213,213,
213,213,213,213,213,213,0,0,0,0,0,0,213,213,213,213,213,43,43,43,0,43,0,0,0,0,0,0,0,0,0,0,0,0,0,0,0,213,213,213,0,0,0,213,213,213,0,0,0,0,0,0,0,0,0,0,0,0,0,0,0,213,213,213,0,0,0,213,43,43,43,43,213,0,0,0,0,0,213,213,
213,213,213,213,213,213,0,0,0,0,0,0,0,0,0,0,0,43,43,43,0,43,0,0,0,0,17,0,0,0,0,0,0,0,0,0,0,0,0,0,0,0,0,0,0,0,0,0,0,0,0,0,0,0,0,0,0,0,0,0,0,0,74,0,0,0,0,0,43,43,43,43,0,0,318,0,167,0,213,213,
213,213,213,213,213,213,0,17,0,0,0,0,0,0,0,0,0,43,43,43,0,43,0,0,183,184,184,184,184,184,0,0,0,0,0,0,0,0,0,0,0,0,0,0,0,0,0,0,0,0,17,49,0,0,0,0,0,0,0,0,0,0,0,0,0,0,0,0,43,43,43,43,0,0,0,0,168,17,213,213,
213,213,213,213,213,213,184,184,184,184,184,184,184,185,0,0,0,43,43,43,0,43,0,0,213,213,213,213,213,213,184,184,184,185,0,0,0,0,0,0,0,0,0,0,0,0,0,0,0,183,184,184,184,184,184,185,0,0,0,0,0,0,0,0,0,0,0,0,43,43,43,43,0,183,183,183,183,184,213,213,
213,213,213,213,213,213,213,213,213,213,213,213,213,213,14,14,14,43,43,43,14,43,14,14,213,213,213,213,213,213,213,213,213,213,14,14,14,14,14,14,14,14,14,14,14,14,14,14,14,213,213,213,213,213,213,213,14,14,14,14,14,14,14,14,14,14,14,14,43,43,43,43,14,213,213,213,213,213,213,213,
213,213,213,213,213,213,213,213,213,213,213,213,213,213,43,43,43,43,43,43,43,43,43,43,213,213,213,213,213,213,213,213,213,213,43,43,43,43,43,43,43,43,43,43,43,43,43,43,43,213,213,213,213,213,213,213,43,43,43,43,43,43,43,43,43,43,43,43,43,43,43,43,43,213,213,213,213,213,213,213,
213,213,213,213,213,213,213,213,213,213,213,213,213,213,43,43,43,43,43,43,43,43,43,43,213,213,213,213,213,213,213,213,213,213,43,43,43,43,43,43,43,43,43,43,43,43,43,43,43,213,213,213,213,213,213,213,43,43,43,43,43,43,43,43,43,43,43,43,43,43,43,43,43,213,213,213,213,213,213,213,
213,213,213,213,213,213,213,213,213,213,213,213,213,213,43,43,43,43,43,43,43,43,43,43,213,213,213,213,213,213,213,213,213,213,43,43,43,43,43,43,43,43,43,43,43,43,43,43,43,213,213,213,213,213,213,213,43,43,43,43,43,43,43,43,43,43,43,43,43,43,43,43,43,213,213,213,213,213,213,213,
213,213,213,213,213,213,213,213,213,213,213,213,213,213,43,43,43,43,43,43,43,43,43,43,213,213,213,213,213,213,213,213,213,213,43,43,43,43,43,43,43,43,43,43,43,43,43,43,43,213,213,213,213,213,213,213,43,43,43,43,43,43,43,43,43,43,43,43,43,43,43,43,43,213,213,213,213,213,213,213

[ObjectsLayer]
# player
type=Player
location=4,7,1,1

[ObjectsLayer]
# enemy1
type=Enemy
location=25,12,1,1

[ObjectsLayer]
# platform1
type=Moving
location=35,22,1,1

[ObjectsLayer]
# enemy2
type=Enemy
location=54,21,1,1

[ObjectsLayer]
# platform2
type=Moving
location=57,22,1,1

[ObjectsLayer]
# box1
type=Box
location=15,8,1,1

[ObjectsLayer]
# box2
type=Box
location=39,5,1,1

[ObjectsLayer]
# box3
type=Box
location=22,6,1,1

