[header]
width=28
height=80
tilewidth=21
tileheight=21
orientation=orthogonal
background_color=0,0,0,255

[tilesets]
tileset=spritesheet_rgba.png,21,21,0,0

[layer]
type=Tile Layer 1
data=
64,64,64,64,64,64,64,64,64,64,64,64,64,64,64,64,64,64,64,64,64,64,64,64,64,64,64,64,
93,0,0,0,0,0,0,0,0,0,0,0,0,0,0,0,0,0,0,0,0,0,0,0,0,0,0,93,
93,0,0,0,0,0,0,0,0,0,0,0,0,0,0,0,0,0,0,0,0,0,0,0,0,0,0,93,
93,0,0,0,0,0,0,0,0,0,0,0,0,0,0,0,0,0,0,0,0,0,0,0,0,0,0,93,
93,0,0,0,0,0,0,0,0,0,0,0,0,0,0,0,0,0,0,0,0,0,0,0,0,0,0,93,
93,0,0,0,0,0,0,0,0,0,0,0,0,0,0,0,0,0,0,0,0,0,0,0,0,0,0,93,
93,0,0,0,0,0,0,0,0,0,0,0,0,0,167,0,0,0,0,0,0,0,0,0,0,0,602,93,
93,0,0,0,0,0,0,0,0,0,0,0,313,0,168,0,0,0,0,0,0,64,0,0,0,63,64,93,
93,0,0,0,0,0,0,0,0,0,0,66,64,64,64,64,64,0,0,0,0,93,0,0,0,93,93,93,
93,0,0,0,0,0,0,0,0,0,0,0,0,0,0,572,0,0,0,0,0,93,0,0,0,93,93,93,
93,0,0,0,0,0,0,0,0,0,0,0,0,0,0,0,0,0,0,0,0,93,0,0,0,93,93,93,
93,0,0,0,0,0,0,0,0,0,0,0,0,0,0,0,0,0,0,0,0,93,0,0,0,93,93,93,
93,0,0,0,0,0,0,0,0,0,0,0,0,0,0,0,0,0,0,0,0,93,0,0,0,93,93,93,
93,64,64,64,64,64,96,0,0,0,0,0,0,0,0,0,0,0,0,0,0,93,0,0,0,93,93,93,
93,93,0,0,0,0,0,0,0,0,0,0,0,0,0,0,0,0,0,0,0,93,0,0,0,93,93,93,
93,93,0,0,0,0,0,0,0,0,63,64,65,0,0,0,0,0,0,0,0,93,0,0,0,93,93,93,
93,93,0,0,0,0,0,0,0,0,0,0,0,0,0,0,0,0,0,0,0,93,0,0,0,93,93,93,
93,93,0,0,0,63,64,65,0,0,0,0,0,0,0,0,0,0,0,0,0,93,0,0,0,93,93,93,
93,93,0,0,0,0,0,0,0,0,0,0,0,0,0,0,0,0,0,0,0,93,0,0,0,93,93,93,
93,93,0,0,0,0,0,0,0,63,64,65,0,0,0,0,0,0,0,0,0,93,0,0,0,93,93,93,
93,93,0,0,0,0,0,0,0,0,0,0,0,0,0,0,0,0,0,0,0,93,0,0,0,93,93,93,
93,93,0,0,0,0,0,0,0,0,0,0,0,0,63,64,65,0,0,0,0,93,0,0,0,93,93,93,
93,93,0,0,0,0,0,0,0,0,0,0,0,0,0,0,0,0,0,0,0,93,0,0,0,93,93,93,
93,93,0,0,0,0,0,0,0,0,63,64,65,0,0,0,0,0,0,0,0,0,0,0,0,93,93,93,
93,93,0,0,0,0,0,0,0,0,0,0,0,0,0,0,0,0,0,0,0,0,0,0,0,93,93,93,
93,93,0,0,0,0,63,64,65,0,0,0,0,0,0,0,0,0,0,63,64,65,0,0,0,93,93,93,
93,93,0,0,0,0,0,0,0,0,0,0,0,0,0,0,0,0,0,93,93,93,0,0,0,93,93,93,
93,93,64,65,0,0,0,0,0,0,0,0,0,0,0,0,0,0,0,93,93,93,0,0,0,93,93,93,
93,93,0,0,0,0,0,0,0,0,0,0,0,0,0,0,63,64,64,93,93,93,0,0,0,93,93,93,
93,93,0,0,0,0,63,64,65,0,0,0,0,0,0,0,93,93,93,93,93,93,0,0,0,93,93,93,
93,93,0,0,0,0,0,0,0,0,0,0,0,0,0,0,93,93,93,93,93,93,0,0,0,93,93,93,
93,93,0,0,0,0,0,0,0,0,0,63,64,64,64,64,93,93,93,93,93,93,0,0,0,93,93,93,
93,93,0,0,0,0,0,0,602,0,0,93,93,93,93,93,93,93,93,93,93,93,0,0,0,93,93,93,
93,93,0,0,0,63,64,64,64,64,64,93,93,93,93,93,93,93,93,93,93,93,0,0,0,93,93,93,
93,93,0,0,0,93,93,93,93,93,93,93,93,93,93,93,93,93,93,93,93,93,0,0,0,93,93,93,
93,93,0,0,0,93,0,0,0,0,0,0,572,573,0,0,573,0,0,93,93,93,0,0,0,93,93,93,
93,93,0,0,0,93,0,0,0,0,0,0,0,0,0,0,0,0,0,93,93,93,0,0,0,93,93,93,
93,93,0,0,0,93,0,0,0,0,0,0,0,0,0,0,0,0,0,93,93,93,0,0,0,93,93,93,
93,93,0,0,0,93,0,0,0,0,0,0,0,0,0,0,0,0,0,93,93,93,0,0,0,93,93,93,
93,93,0,0,0,93,0,0,0,0,0,0,0,0,0,0,0,0,0,93,93,93,0,0,0,93,93,93,
93,93,0,0,0,93,0,0,0,0,0,0,0,0,0,0,0,0,0,93,93,93,0,0,0,93,93,93,
93,93,0,0,0,93,0,0,0,0,0,0,0,0,0,0,0,0,0,93,93,93,0,0,0,93,93,93,
93,93,0,0,0,0,0,0,0,0,0,0,0,0,0,0,0,0,0,93,93,93,0,0,0,93,93,93,
93,93,0,0,0,0,0,0,0,0,0,0,0,0,0,0,0,0,0,93,93,93,0,0,0,93,93,93,
93,93,0,0,0,0,0,0,0,0,0,0,0,0,0,0,0,0,0,93,93,93,0,0,0,93,93,93,
93,93,0,0,0,0,0,0,0,0,0,0,0,0,0,0,0,0,0,93,93,93,0,0,0,93,93,93,
93,93,64,64,64,65,0,0,0,0,0,0,0,0,0,0,0,0,0,93,93,93,0,0,0,93,93,93,
93,93,93,93,93,93,0,0,0,602,0,0,0,0,0,0,0,0,0,93,93,93,0,0,0,93,93,93,
93,93,93,93,93,93,64,64,64,64,64,64,64,64,64,65,0,0,0,93,93,93,0,0,0,93,93,93,
93,93,572,572,0,0,0,0,0,0,0,0,0,0,0,93,0,0,0,93,0,0,0,0,0,0,0,93,
93,93,0,0,0,0,0,0,0,0,0,0,0,0,0,93,0,0,0,93,0,0,0,0,0,0,0,93,
93,93,0,0,0,0,0,0,0,0,0,0,0,0,0,93,0,0,0,93,0,0,0,15,0,0,0,93,
93,93,0,0,0,0,0,0,0,0,0,0,0,0,0,93,0,0,0,93,0,0,0,0,0,0,0,93,
93,93,0,0,0,0,0,0,0,0,0,0,0,602,0,93,0,0,0,93,64,64,64,64,64,64,64,93,
93,93,0,0,0,0,0,0,0,0,0,66,64,64,64,93,0,0,0,93,93,93,93,93,93,93,93,93,
93,93,0,0,0,0,0,0,0,0,0,0,0,0,0,0,0,0,0,0,0,0,0,0,0,0,0,93,
93,93,0,0,0,0,63,96,0,0,0,0,0,0,0,0,0,0,0,0,0,0,0,0,0,0,0,93,
93,93,0,0,0,0,0,0,0,0,0,0,0,0,0,0,0,0,0,0,0,0,0,0,0,0,0,93,
93,93,0,0,0,0,0,0,0,0,0,0,0,0,0,0,0,0,602,0,0,0,0,0,0,0,0,93,
93,93,0,0,0,63,64,64,64,64,64,64,64,64,64,64,64,64,64,64,64,64,65,0,0,0,63,93,
93,93,0,0,0,93,93,93,93,93,93,93,93,93,93,93,93,93,93,93,93,93,93,0,0,0,93,93,
93,93,0,0,0,93,93,93,93,93,93,93,93,93,93,93,93,93,93,93,93,93,93,0,0,0,93,93,
93,93,0,0,0,93,0,0,0,0,0,0,573,0,0,0,0,0,572,0,0,0,93,0,0,0,93,93,
93,93,0,0,0,93,0,0,0,0,0,0,0,0,0,0,0,0,0,0,0,0,93,0,0,0,93,93,
93,93,0,0,0,93,0,0,0,0,0,0,0,0,0,0,0,0,0,0,0,0,93,0,0,0,93,93,
93,93,0,0,0,93,0,0,0,0,0,0,0,0,0,0,0,0,0,0,0,0,93,0,0,0,93,93,
93,93,0,0,0,0,0,0,0,0,0,0,0,0,0,0,0,0,0,0,0,0,0,0,0,0,93,93,
93,93,0,0,0,0,0,0,0,0,0,0,0,0,0,0,0,0,0,0,0,0,0,0,0,0,93,93,
93,93,0,0,0,0,0,0,0,0,0,0,0,0,0,0,0,0,0,0,0,0,0,0,0,0,93,93,
93,93,0,0,602,0,0,0,0,0,0,0,0,0,0,0,0,0,0,0,0,0,0,0,0,0,93,93,
93,93,64,64,64,64,65,0,0,0,0,0,0,0,0,0,0,0,0,0,0,63,64,64,64,64,93,93,
93,93,93,93,93,93,93,0,0,0,0,0,0,0,0,0,602,0,0,0,0,93,93,93,93,93,93,93,
93,93,93,93,93,93,93,0,0,0,63,64,64,64,64,64,64,65,0,0,0,93,93,93,93,93,93,93,
12,12,12,12,12,12,12,12,12,12,93,93,93,93,93,93,93,93,12,12,12,12,12,12,12,12,12,12,
41,41,41,41,41,41,41,41,41,41,93,93,93,93,93,93,93,93,41,41,41,41,41,41,41,41,41,41,
41,41,41,41,41,41,41,41,41,41,93,93,93,93,93,93,93,93,41,41,41,41,41,41,41,41,41,41,
41,41,41,41,41,41,41,41,41,41,93,93,93,93,93,93,93,93,41,41,41,41,41,41,41,41,41,41,
41,41,41,41,41,41,41,41,41,41,93,93,93,93,93,93,93,93,41,41,41,41,41,41,41,41,41,41,
41,41,41,41,41,41,41,41,41,41,93,93,93,93,93,93,93,93,41,41,41,41,41,41,41,41,41,41,
41,41,41,41,41,41,41,41,41,41,93,93,93,93,93,93,93,93,41,41,41,41,41,41,41,41,41,41

[ObjectsLayer]
# ice1
type=Ice
location=12,53,1,1

[ObjectsLayer]
# enemy1
type=Enemy
location=13,47,1,1

[ObjectsLayer]
# enemy2
type=Enemy
location=17,27,1,1

[ObjectsLayer]
# enemy3
type=Enemy
location=21,58,1,1

[ObjectsLayer]
# player
type=Player
location=14,70,1,1

[ObjectsLayer]
# ice2
type=Ice
location=21,24,1,1

